.Random.seed <-
c(10403L, 10L, -1018312435L, -1992335324L, -140599286L, -1848031883L, 
-1854585649L, 510486486L, -96360576L, 2030664643L, -2060374687L, 
1503130576L, -2002009298L, 965811929L, 628354283L, -1967657638L, 
-1125777636L, -1298941409L, 759810677L, -716470516L, -91383070L, 
-1162289219L, -770086857L, -175545634L, -621085160L, -522845829L, 
-1105094375L, 363439528L, 1419381078L, -104785455L, 639998339L, 
1970571282L, 1670040484L, 337566567L, -133955395L, -1274210252L, 
-1316054118L, 2017138661L, 238142335L, -181468410L, 100576400L, 
1740692787L, 1547418321L, -946839424L, -650987170L, 1898655401L, 
-1885341349L, 1710642026L, -2037409268L, -7288241L, 1840375557L, 
-204132420L, -1119450478L, -1954115187L, -1177290297L, -1508259154L, 
1926923016L, 108626187L, 2136768489L, 287664312L, -263299226L, 
2118773761L, 416922259L, -1802056382L, 1005535988L, -1878233353L, 
-523833619L, -639460988L, -1607870550L, 1812598037L, 1520527279L, 
-1606449226L, -1539088928L, 315454755L, 425192001L, -1503181520L, 
-1457250482L, 1007830457L, 132978635L, -1349981062L, 494972284L, 
694371775L, -270736747L, 443883692L, -393008510L, -1947393443L, 
-662457001L, -1775388610L, 906239096L, 1627088731L, 1359635129L, 
-1589977336L, -1509657162L, 1693141745L, 1930575139L, -1494829198L, 
-275139132L, -807113337L, -1743249571L, 644051284L, -866065542L, 
1593488069L, 2087416863L, -1575066714L, -1664944848L, -222070829L, 
-1486268943L, 861864736L, -2081690178L, -2132326967L, -312084101L, 
982089546L, -2127741012L, 1740621487L, 669856869L, 1820578844L, 
607976050L, 1527364845L, -934066905L, 1801064782L, 1435877800L, 
-1262553685L, 396594889L, -1148766504L, -462890106L, 1440837217L, 
946862067L, 508373602L, 1350003924L, 512347607L, -1168119859L, 
1899271012L, 2033825610L, -1228697931L, -1679776241L, -240806122L, 
-367595072L, -270380669L, 920864673L, 1626285968L, -1889354642L, 
1343121945L, 344740523L, 936240794L, 791884380L, 834514783L, 
-809926347L, -1492721460L, -1102009822L, -1292614531L, -2129240713L, 
964809374L, 1444872536L, 1058838715L, 177825369L, -1892821528L, 
-1345630186L, 2027363217L, -2067012541L, 1098996562L, 683851748L, 
64527911L, -1650788739L, -1632589964L, 317266778L, -199201371L, 
-1784264257L, -1895767482L, 1031893200L, 2122320627L, 747187217L, 
305863232L, 1963195934L, 1950619881L, -963970533L, -1424250326L, 
1445510476L, 458219279L, -2137800123L, 1359700988L, 74848850L, 
-2064431155L, -846319225L, 302253166L, -432628664L, 998147659L, 
1995078569L, -1304169736L, -425011674L, 47681345L, -341240621L, 
-139560830L, 717584052L, 1078309431L, 1092565293L, -919856572L, 
1118824298L, 761590741L, -559446673L, -1580269450L, 1573940128L, 
270175331L, -562136831L, 464254064L, 2115514382L, 975564921L, 
-193499125L, -732233414L, 1519493180L, -1190393985L, 400432341L, 
-1210941204L, 598702658L, 1118985629L, -358766569L, -387404418L, 
-1767828680L, -2068542437L, 542979449L, -2070125624L, -226488330L, 
-986287567L, 1184253027L, 677489714L, 430287236L, -1935208505L, 
-731168099L, -1881415148L, 1598132410L, -1259392454L, 525084400L, 
-1873756996L, 2095697428L, -1229307710L, -278777760L, -432042628L, 
-2077033264L, -1953186782L, -1264059736L, -466980980L, -2036016708L, 
1400124466L, 1352398656L, -148129612L, 1591862088L, 1469627066L, 
1627647760L, -633431828L, 1798386772L, -294181102L, 1644073888L, 
-1675313204L, 855165792L, -487501630L, -1142041048L, 626640300L, 
2028240700L, 551686002L, -887938256L, 2011693604L, -306139080L, 
-1464349478L, 1623671184L, -1511708932L, -1317437548L, 2142184258L, 
33430016L, 1798840892L, -433940912L, 1116410530L, 720333640L, 
-1974846964L, -782381860L, -2003131822L, -2096318336L, -664413356L, 
1319612904L, 777153274L, 1404057424L, -1949613012L, 591533428L, 
-1971204462L, 1139530336L, 1547571852L, -1501492384L, 1817367266L, 
-424085336L, -1330966324L, -1961414148L, 1228611506L, 933205488L, 
1328377284L, 34727768L, -1919100038L, 459718064L, -400072260L, 
-601993132L, 192459714L, 378704672L, -1861838916L, -1254067632L, 
1245953506L, 1477411176L, -880038580L, -2119741188L, 1963844338L, 
1766924032L, 1126743668L, -1728229368L, -475160134L, -113852464L, 
-942614036L, 315692948L, -2124119342L, 1012612704L, 760456524L, 
-1423366880L, 994134658L, 1866947048L, -1797693460L, -1653045700L, 
250869362L, 798878576L, -1826563804L, 1628394040L, -956683878L, 
-1847641648L, -2088507972L, -2129102700L, 1356895362L, 1544619456L, 
-517657796L, 1563733136L, -1980380382L, -870754808L, -1757883124L, 
106464668L, -901554670L, -1805866112L, -547454188L, -1051983576L, 
1596695610L, -381809712L, 121473644L, -923319756L, -546698606L, 
-470506144L, 11958604L, 1532291040L, 267498914L, 13010344L, -1992325492L, 
-1756308036L, 1665072754L, -1046170640L, 180612676L, -935550888L, 
-423090118L, -2094780304L, 1982666812L, 1612988692L, -1339972926L, 
858875616L, -426887044L, 348059344L, 1828075938L, -1049061336L, 
-168973556L, -920557124L, 1139680050L, -2047350080L, 143264820L, 
-580952376L, -594086726L, 1166423696L, -1046286612L, 749828692L, 
-649977198L, -1501075168L, 220959180L, -485006624L, 1920368834L, 
994700328L, -2076919892L, -2085311812L, -998786062L, -1611893200L, 
1541263268L, -470807112L, -1638008998L, 623505552L, 740731772L, 
625942804L, -366802622L, 888582400L, 1724251580L, -101252784L, 
1220794658L, -660645304L, 1334620172L, -1803106724L, -72701486L, 
1493063168L, 1875649876L, -1919390488L, -1956368134L, -677132592L, 
238316332L, 361607412L, -573900398L, -2040595104L, -2076124148L, 
-129049376L, 2065322594L, 1852867752L, -1507320756L, -860731524L, 
-519644878L, 616268400L, 178471748L, -2117377064L, 1453650810L, 
81451056L, 1827663804L, -1495027116L, -2092756926L, 1477185184L, 
67584700L, -1905497136L, -1669890718L, -1736978712L, 1869081804L, 
-42540548L, -476365326L, 2071635072L, 284191220L, 1901136520L, 
1857166138L, 285363536L, 2142407788L, -1542023788L, -762609582L, 
1139727840L, -2089429812L, 214154912L, 524431746L, 2038851816L, 
-1609823508L, 658679100L, 1562447986L, -464702864L, 726759972L, 
1170417720L, -1784059622L, 652928208L, 500181308L, 54844587L, 
497493933L, 264690714L, 315970264L, 1492720449L, -1585865741L, 
541517332L, -1774305374L, 1326137527L, -1711957375L, 1730202246L, 
-1036514620L, -1313412107L, 1196180063L, 1865323704L, 995176854L, 
-1296290909L, 1876381541L, 1340688002L, 1024267248L, 883721625L, 
1001843595L, 929130108L, 759127210L, 1453993695L, -1481431959L, 
-1060684162L, 1238578796L, -123438403L, -1707800697L, -16841872L, 
-1691323890L, 1264664379L, 1348715549L, 687443146L, -988178456L, 
-1555831599L, 145813699L, -1831831612L, -1027566478L, -558183097L, 
573694225L, 584500374L, -1688438284L, 1596656517L, -1970650417L, 
930488264L, 1669379686L, -1670670189L, 1245448181L, 1453564370L, 
433736224L, 463922185L, 1356028219L, -1015976820L, -580876006L, 
-587870321L, -1651879719L, 187449198L, -1668372740L, -644135827L, 
1286348823L, -1465271840L, 1587070398L, 1743309707L, 880516109L, 
1743277114L, -1574019976L, -1691092959L, 1291604691L, 74678772L, 
-1108612478L, -743110889L, 605244897L, 930652966L, -1336197596L, 
-1416042283L, 2140457087L, -2046948072L, -699284426L, 1834142403L, 
-629250299L, 1408572066L, 1560574096L, 738011193L, 2145392875L, 
-1878591012L, -1146298358L, -385483009L, 1140404041L, 2063451358L, 
-2046870900L, -1844687267L, 1957377127L, 963885456L, 998869422L, 
759753819L, -1648366531L, 819856042L, -1836155064L, -594652303L, 
307639523L, 1166654436L, 1327573778L, 1247569639L, -1837076303L, 
1617167094L, 262243604L, 851425829L, -105060561L, 1801943272L, 
-1121879610L, -308742029L, -1809280299L, -1210584910L, -802679680L, 
512829545L, -2006399781L, -1487599572L, 1177860154L, -1675766033L, 
1799936377L, 1756415502L, -1958909988L, -360492979L, -203484233L, 
-2019381952L, -1507242978L, 252926699L, -1621126547L, -679681318L, 
1381669528L, 1433336065L, 1687510707L, 1110890964L, 2138388706L, 
-1944051337L, -1935212351L, 1667193926L, -599653500L, -1914800843L, 
-422202593L, -1418463624L, -473240746L, 1747399139L, 998721445L, 
